REGISTRO NORMAL:
---------------
CPF:
00752477714
02358474703
03285872730
05602672745
07458877758
08443431709
09762052706
10127024727
10204930707
10350643750
10647336707
88888888888
12484747756
12670439705
18267032843
42639310330
85421543200
99229684791

CNPJ:
02178451000149
04553214000146
04774152000100
05154188000146
05376004000192
05498127000104
05773041000134
07167723000129
07299259000124
07536712000179
07714131000180
07887798000184
08250493000120
08983454000131
09015046000159
09101483000195
09164433000157
10197702000160
10876592000163
11074113000158
11125613000171
11187681000165
11435585000199
11705178000154
11721774000128
13048224000115
28349686000140
31278708000132
35615269000167
77955532000107
84684620000187
84684620000268
85858585000138



REGISTRO CHEQUE:
---------------
CPF:

88888888888
00000000191
33333333333
00162629729
00164327703
00318481766
00451524039
00626043760
00832549789
00834234785
02351555783
03295455740
04129476769
07053629732
07214539705
07458877758
08212050726
08499864783
08663811713
09650727701
10338379703
10702126799
11119009731
11192839730
12425341722
13530774707
13641391709
18267032843
20835809668
24432121734
26582872753
42639310330
43323758153
45595739720
49969803700
61516260791
70211787787
79567924791
87421240772
91292590530
98751387700

CNPJ:
01415643000169
02379481000113
03244312000139
04612457000108
05219660000181
06286062000198
07167723000129
07284948000165
07338322000194
07555770000140
07578948000178
07692134000160
07947746000156
08079975000169
08220015000177
08676729000194
08836917000132
08903702000197
09375656000163
09516757000107
29069317000166
30812309000147



ALERTA:
------
CPF:
32253746878
11111111111
44444444444
00805303111
00000000191
33333333333
18267032843
22222222222
84658282100
35172707840
00465361161
88888888888
12345678909
20249633825
31533809615
10034990747
66666666666
05363530775
72542993300
59158174168

CNPJ:
00143166000167
00744946786000
00945803000119
01431405000147
01444122000130
01905236000130
02087477000181
02211725000154
02575636000197
03133673000108
05164046000160
05421377000138
27023365000198
28695336000135
28699353000140
30448963000113
30653190000107
31278708000132
39552005000162
39758685000175
39761853000181
39763842000130
66629627000114
79140726720000
85858585000138
86819257000195



CONTRA-ORDEM:
------------


- Lista com CMC7:


- CPF:

00000000191	       34140848 0000000015 800000519991  Dígito 9
01515488705	       00130840 0008503045 903000056170
03245023626	       75631375 0000000795 400003008539
08403704747	       75631370 0000005045 400003012481
08403704747	       75631377 0000005075 400003012481
08403704747	       75631370 0000004475 400003012481
11111111111	       34100616 0000000865 000000407460
18267032843	       23705059 0000000265 677510054578
20249633825	       34140848 0000000015 800000519991
21543488668	       75631379 0000003155 400003004629
30475805615	       75631373 0000005685 400003006160
32253746878	       34116048 0000012315 600001608512
35172707840	       23700856 0000002195 977502260944
45847711620	       75631371 0000029885 400003001443
57604134653	       75631374 0000011445 400003005782
57604134653	       75631377 0000011585 400003005782
59351330672	       75631377 0000007395 400003005949
61598224620	       75631371 0000023925 400003013372
61598224620	       75631371 0000023435 400003013372
61598224620	       75631373 0000023255 400003013372
61598224620	       75631370 0000023855 400003013372
61598224620	       75631374 0000022175 400003013372
67162959687	       75631372 0000010545 400003010600
74065416272	       34101900 0005135485 700000199943
                       ***----* ---******- *----------*

- CNPJ:
                       
85858585000138         34140848 0000000015 800000519991
                       ***----* ---******- *----------*

                       
- Lista com dados bancários:

CPF                  BANCO          AGENCIA         CONTA-CORRENTE          CHEQUE INICIAL     DV
-----------          -----          -------         --------------          --------------     --
00000000191 	       341	       4084	             51999	                 1	9
01515488705 	         1	       3084	              5617	            850304	4
03245023626 	       756	       3137	            300853	                79	5
08403704747 	       756	       3137	            301248	               504	5
08403704747 	       756	       3137	            301248	               507	0
08403704747 	       756	       3137	            301248	               447	2
11111111111 	       341	         61	             40746	                86	3
18267032843 	       237	        505	           1005457	                26	0
20249633825 	       341	       4084	             51999	                 1	9
21543488668 	       756	       3137	            300462	               315	8
30475805615 	       756	       3137	            300616	               568	1
32253746878 	       341	       1604	            160851	              1231	1
35172707840 	       237	         85	            226094	               219	4
45847711620 	       756	       3137	            300144	              2988	2
57604134653 	       756	       3137	            300578	              1144	4
57604134653 	       756	       3137	            300578	              1158	4
59351330672 	       756	       3137	            300594	               739	0
61598224620 	       756	       3137	            301337	              2392	2
61598224620 	       756	       3137	            301337	              2343	4
61598224620 	       756	       3137	            301337	              2325	6
61598224620 	       756	       3137	            301337	              2385	0
61598224620 	       756	       3137	            301337	              2217	9
67162959687 	       756	       3137	            301060	              1054	5
74065416272 	       341	        190	             19994	            513548	8

CNPJ                 BANCO          AGENCIA         CONTA-CORRENTE  DV      CHEQUE INICIAL     DV
--------------       -----          -------         --------------  --      --------------     --
85858585000138 	       341	       4084	             51999   2      1			9



CPFs com retorno de CCF (BANCO CENTRAL):
----------------------------------------

00829161600
25894526833
01016619839
28452358873
57050910872
00020919840
02299758950
04191088904
50000209791
50000292753
99840073834
00457252766
55840612049
00064676870
04868568876
50000322415
56625472549
05566165885
57670579749
34334794882
59041129120
85025950830
34961977810
02284323839


CPF                 CMC7
59041129120         34102089 0000000005 700000000000
57050910872         40901859 0000000005 200000000000
02284323839         34100099 0000000005 900000000000
34961977810         09033029 0000000005 800000000000
00064676870         34100099 0000000005 900000000000
00829161600         34102759 0000000005 600000000000



- Ordem Judicial

NUM_CPF

35172707840
18267032843
01515488705
01991030703
47760672934
20249633825
33333333333
62015834087
02791116060
30869141813